function H_sparse = EG255()
H = [2 28 32 38 90 98 109 110 165 193 207 214 230 239 252 254
    3 29 33 39 91 99 110 111 166 194 208 215 231 240 253 255
    1 4 30 34 40 92 100 111 112 167 195 209 216 232 241 254
    2 5 31 35 41 93 101 112 113 168 196 210 217 233 242 255
    1 3 6 32 36 42 94 102 113 114 169 197 211 218 234 243
    2 4 7 33 37 43 95 103 114 115 170 198 212 219 235 244
    3 5 8 34 38 44 96 104 115 116 171 199 213 220 236 245
    4 6 9 35 39 45 97 105 116 117 172 200 214 221 237 246
    5 7 10 36 40 46 98 106 117 118 173 201 215 222 238 247
    6 8 11 37 41 47 99 107 118 119 174 202 216 223 239 248
    7 9 12 38 42 48 100 108 119 120 175 203 217 224 240 249
    8 10 13 39 43 49 101 109 120 121 176 204 218 225 241 250
    9 11 14 40 44 50 102 110 121 122 177 205 219 226 242 251
    10 12 15 41 45 51 103 111 122 123 178 206 220 227 243 252
    11 13 16 42 46 52 104 112 123 124 179 207 221 228 244 253
    12 14 17 43 47 53 105 113 124 125 180 208 222 229 245 254
    13 15 18 44 48 54 106 114 125 126 181 209 223 230 246 255
    1 14 16 19 45 49 55 107 115 126 127 182 210 224 231 247
    2 15 17 20 46 50 56 108 116 127 128 183 211 225 232 248
    3 16 18 21 47 51 57 109 117 128 129 184 212 226 233 249
    4 17 19 22 48 52 58 110 118 129 130 185 213 227 234 250
    5 18 20 23 49 53 59 111 119 130 131 186 214 228 235 251
    6 19 21 24 50 54 60 112 120 131 132 187 215 229 236 252
    7 20 22 25 51 55 61 113 121 132 133 188 216 230 237 253
    8 21 23 26 52 56 62 114 122 133 134 189 217 231 238 254
    9 22 24 27 53 57 63 115 123 134 135 190 218 232 239 255
    1 10 23 25 28 54 58 64 116 124 135 136 191 219 233 240
    2 11 24 26 29 55 59 65 117 125 136 137 192 220 234 241
    3 12 25 27 30 56 60 66 118 126 137 138 193 221 235 242
    4 13 26 28 31 57 61 67 119 127 138 139 194 222 236 243
    5 14 27 29 32 58 62 68 120 128 139 140 195 223 237 244
    6 15 28 30 33 59 63 69 121 129 140 141 196 224 238 245
    7 16 29 31 34 60 64 70 122 130 141 142 197 225 239 246
    8 17 30 32 35 61 65 71 123 131 142 143 198 226 240 247
    9 18 31 33 36 62 66 72 124 132 143 144 199 227 241 248
    10 19 32 34 37 63 67 73 125 133 144 145 200 228 242 249
    11 20 33 35 38 64 68 74 126 134 145 146 201 229 243 250
    12 21 34 36 39 65 69 75 127 135 146 147 202 230 244 251
    13 22 35 37 40 66 70 76 128 136 147 148 203 231 245 252
    14 23 36 38 41 67 71 77 129 137 148 149 204 232 246 253
    15 24 37 39 42 68 72 78 130 138 149 150 205 233 247 254
    16 25 38 40 43 69 73 79 131 139 150 151 206 234 248 255
    1 17 26 39 41 44 70 74 80 132 140 151 152 207 235 249
    2 18 27 40 42 45 71 75 81 133 141 152 153 208 236 250
    3 19 28 41 43 46 72 76 82 134 142 153 154 209 237 251
    4 20 29 42 44 47 73 77 83 135 143 154 155 210 238 252
    5 21 30 43 45 48 74 78 84 136 144 155 156 211 239 253
    6 22 31 44 46 49 75 79 85 137 145 156 157 212 240 254
    7 23 32 45 47 50 76 80 86 138 146 157 158 213 241 255
    1 8 24 33 46 48 51 77 81 87 139 147 158 159 214 242
    2 9 25 34 47 49 52 78 82 88 140 148 159 160 215 243
    3 10 26 35 48 50 53 79 83 89 141 149 160 161 216 244
    4 11 27 36 49 51 54 80 84 90 142 150 161 162 217 245
    5 12 28 37 50 52 55 81 85 91 143 151 162 163 218 246
    6 13 29 38 51 53 56 82 86 92 144 152 163 164 219 247
    7 14 30 39 52 54 57 83 87 93 145 153 164 165 220 248
    8 15 31 40 53 55 58 84 88 94 146 154 165 166 221 249
    9 16 32 41 54 56 59 85 89 95 147 155 166 167 222 250
    10 17 33 42 55 57 60 86 90 96 148 156 167 168 223 251
    11 18 34 43 56 58 61 87 91 97 149 157 168 169 224 252
    12 19 35 44 57 59 62 88 92 98 150 158 169 170 225 253
    13 20 36 45 58 60 63 89 93 99 151 159 170 171 226 254
    14 21 37 46 59 61 64 90 94 100 152 160 171 172 227 255
    1 15 22 38 47 60 62 65 91 95 101 153 161 172 173 228
    2 16 23 39 48 61 63 66 92 96 102 154 162 173 174 229
    3 17 24 40 49 62 64 67 93 97 103 155 163 174 175 230
    4 18 25 41 50 63 65 68 94 98 104 156 164 175 176 231
    5 19 26 42 51 64 66 69 95 99 105 157 165 176 177 232
    6 20 27 43 52 65 67 70 96 100 106 158 166 177 178 233
    7 21 28 44 53 66 68 71 97 101 107 159 167 178 179 234
    8 22 29 45 54 67 69 72 98 102 108 160 168 179 180 235
    9 23 30 46 55 68 70 73 99 103 109 161 169 180 181 236
    10 24 31 47 56 69 71 74 100 104 110 162 170 181 182 237
    11 25 32 48 57 70 72 75 101 105 111 163 171 182 183 238
    12 26 33 49 58 71 73 76 102 106 112 164 172 183 184 239
    13 27 34 50 59 72 74 77 103 107 113 165 173 184 185 240
    14 28 35 51 60 73 75 78 104 108 114 166 174 185 186 241
    15 29 36 52 61 74 76 79 105 109 115 167 175 186 187 242
    16 30 37 53 62 75 77 80 106 110 116 168 176 187 188 243
    17 31 38 54 63 76 78 81 107 111 117 169 177 188 189 244
    18 32 39 55 64 77 79 82 108 112 118 170 178 189 190 245
    19 33 40 56 65 78 80 83 109 113 119 171 179 190 191 246
    20 34 41 57 66 79 81 84 110 114 120 172 180 191 192 247
    21 35 42 58 67 80 82 85 111 115 121 173 181 192 193 248
    22 36 43 59 68 81 83 86 112 116 122 174 182 193 194 249
    23 37 44 60 69 82 84 87 113 117 123 175 183 194 195 250
    24 38 45 61 70 83 85 88 114 118 124 176 184 195 196 251
    25 39 46 62 71 84 86 89 115 119 125 177 185 196 197 252
    26 40 47 63 72 85 87 90 116 120 126 178 186 197 198 253
    27 41 48 64 73 86 88 91 117 121 127 179 187 198 199 254
    28 42 49 65 74 87 89 92 118 122 128 180 188 199 200 255
    1 29 43 50 66 75 88 90 93 119 123 129 181 189 200 201
    2 30 44 51 67 76 89 91 94 120 124 130 182 190 201 202
    3 31 45 52 68 77 90 92 95 121 125 131 183 191 202 203
    4 32 46 53 69 78 91 93 96 122 126 132 184 192 203 204
    5 33 47 54 70 79 92 94 97 123 127 133 185 193 204 205
    6 34 48 55 71 80 93 95 98 124 128 134 186 194 205 206
    7 35 49 56 72 81 94 96 99 125 129 135 187 195 206 207
    8 36 50 57 73 82 95 97 100 126 130 136 188 196 207 208
    9 37 51 58 74 83 96 98 101 127 131 137 189 197 208 209
    10 38 52 59 75 84 97 99 102 128 132 138 190 198 209 210
    11 39 53 60 76 85 98 100 103 129 133 139 191 199 210 211
    12 40 54 61 77 86 99 101 104 130 134 140 192 200 211 212
    13 41 55 62 78 87 100 102 105 131 135 141 193 201 212 213
    14 42 56 63 79 88 101 103 106 132 136 142 194 202 213 214
    15 43 57 64 80 89 102 104 107 133 137 143 195 203 214 215
    16 44 58 65 81 90 103 105 108 134 138 144 196 204 215 216
    17 45 59 66 82 91 104 106 109 135 139 145 197 205 216 217
    18 46 60 67 83 92 105 107 110 136 140 146 198 206 217 218
    19 47 61 68 84 93 106 108 111 137 141 147 199 207 218 219
    20 48 62 69 85 94 107 109 112 138 142 148 200 208 219 220
    21 49 63 70 86 95 108 110 113 139 143 149 201 209 220 221
    22 50 64 71 87 96 109 111 114 140 144 150 202 210 221 222
    23 51 65 72 88 97 110 112 115 141 145 151 203 211 222 223
    24 52 66 73 89 98 111 113 116 142 146 152 204 212 223 224
    25 53 67 74 90 99 112 114 117 143 147 153 205 213 224 225
    26 54 68 75 91 100 113 115 118 144 148 154 206 214 225 226
    27 55 69 76 92 101 114 116 119 145 149 155 207 215 226 227
    28 56 70 77 93 102 115 117 120 146 150 156 208 216 227 228
    29 57 71 78 94 103 116 118 121 147 151 157 209 217 228 229
    30 58 72 79 95 104 117 119 122 148 152 158 210 218 229 230
    31 59 73 80 96 105 118 120 123 149 153 159 211 219 230 231
    32 60 74 81 97 106 119 121 124 150 154 160 212 220 231 232
    33 61 75 82 98 107 120 122 125 151 155 161 213 221 232 233
    34 62 76 83 99 108 121 123 126 152 156 162 214 222 233 234
    35 63 77 84 100 109 122 124 127 153 157 163 215 223 234 235
    36 64 78 85 101 110 123 125 128 154 158 164 216 224 235 236
    37 65 79 86 102 111 124 126 129 155 159 165 217 225 236 237
    38 66 80 87 103 112 125 127 130 156 160 166 218 226 237 238
    39 67 81 88 104 113 126 128 131 157 161 167 219 227 238 239
