function H_sparse = PG273()
H = [2 8 13 32 52 114 128 137 165 182 183 186 198 208 239 246 273 
1 3 9 14 33 53 115 129 138 166 183 184 187 199 209 240 247 
2 4 10 15 34 54 116 130 139 167 184 185 188 200 210 241 248 
3 5 11 16 35 55 117 131 140 168 185 186 189 201 211 242 249 
4 6 12 17 36 56 118 132 141 169 186 187 190 202 212 243 250 
5 7 13 18 37 57 119 133 142 170 187 188 191 203 213 244 251 
6 8 14 19 38 58 120 134 143 171 188 189 192 204 214 245 252 
7 9 15 20 39 59 121 135 144 172 189 190 193 205 215 246 253 
8 10 16 21 40 60 122 136 145 173 190 191 194 206 216 247 254 
9 11 17 22 41 61 123 137 146 174 191 192 195 207 217 248 255 
10 12 18 23 42 62 124 138 147 175 192 193 196 208 218 249 256 
11 13 19 24 43 63 125 139 148 176 193 194 197 209 219 250 257 
12 14 20 25 44 64 126 140 149 177 194 195 198 210 220 251 258 
13 15 21 26 45 65 127 141 150 178 195 196 199 211 221 252 259 
14 16 22 27 46 66 128 142 151 179 196 197 200 212 222 253 260 
15 17 23 28 47 67 129 143 152 180 197 198 201 213 223 254 261 
16 18 24 29 48 68 130 144 153 181 198 199 202 214 224 255 262 
17 19 25 30 49 69 131 145 154 182 199 200 203 215 225 256 263 
18 20 26 31 50 70 132 146 155 183 200 201 204 216 226 257 264 
19 21 27 32 51 71 133 147 156 184 201 202 205 217 227 258 265 
20 22 28 33 52 72 134 148 157 185 202 203 206 218 228 259 266 
21 23 29 34 53 73 135 149 158 186 203 204 207 219 229 260 267 
22 24 30 35 54 74 136 150 159 187 204 205 208 220 230 261 268 
23 25 31 36 55 75 137 151 160 188 205 206 209 221 231 262 269 
24 26 32 37 56 76 138 152 161 189 206 207 210 222 232 263 270 
25 27 33 38 57 77 139 153 162 190 207 208 211 223 233 264 271 
26 28 34 39 58 78 140 154 163 191 208 209 212 224 234 265 272 
27 29 35 40 59 79 141 155 164 192 209 210 213 225 235 266 273 
1 28 30 36 41 60 80 142 156 165 193 210 211 214 226 236 267 
2 29 31 37 42 61 81 143 157 166 194 211 212 215 227 237 268 
3 30 32 38 43 62 82 144 158 167 195 212 213 216 228 238 269 
4 31 33 39 44 63 83 145 159 168 196 213 214 217 229 239 270 
5 32 34 40 45 64 84 146 160 169 197 214 215 218 230 240 271 
6 33 35 41 46 65 85 147 161 170 198 215 216 219 231 241 272 
7 34 36 42 47 66 86 148 162 171 199 216 217 220 232 242 273 
1 8 35 37 43 48 67 87 149 163 172 200 217 218 221 233 243 
2 9 36 38 44 49 68 88 150 164 173 201 218 219 222 234 244 
3 10 37 39 45 50 69 89 151 165 174 202 219 220 223 235 245 
4 11 38 40 46 51 70 90 152 166 175 203 220 221 224 236 246 
5 12 39 41 47 52 71 91 153 167 176 204 221 222 225 237 247 
6 13 40 42 48 53 72 92 154 168 177 205 222 223 226 238 248 
7 14 41 43 49 54 73 93 155 169 178 206 223 224 227 239 249 
8 15 42 44 50 55 74 94 156 170 179 207 224 225 228 240 250 
9 16 43 45 51 56 75 95 157 171 180 208 225 226 229 241 251 
10 17 44 46 52 57 76 96 158 172 181 209 226 227 230 242 252 
11 18 45 47 53 58 77 97 159 173 182 210 227 228 231 243 253 
12 19 46 48 54 59 78 98 160 174 183 211 228 229 232 244 254 
13 20 47 49 55 60 79 99 161 175 184 212 229 230 233 245 255 
14 21 48 50 56 61 80 100 162 176 185 213 230 231 234 246 256 
15 22 49 51 57 62 81 101 163 177 186 214 231 232 235 247 257 
16 23 50 52 58 63 82 102 164 178 187 215 232 233 236 248 258 
17 24 51 53 59 64 83 103 165 179 188 216 233 234 237 249 259 
18 25 52 54 60 65 84 104 166 180 189 217 234 235 238 250 260 
19 26 53 55 61 66 85 105 167 181 190 218 235 236 239 251 261 
20 27 54 56 62 67 86 106 168 182 191 219 236 237 240 252 262 
21 28 55 57 63 68 87 107 169 183 192 220 237 238 241 253 263 
22 29 56 58 64 69 88 108 170 184 193 221 238 239 242 254 264 
23 30 57 59 65 70 89 109 171 185 194 222 239 240 243 255 265 
24 31 58 60 66 71 90 110 172 186 195 223 240 241 244 256 266 
25 32 59 61 67 72 91 111 173 187 196 224 241 242 245 257 267 
26 33 60 62 68 73 92 112 174 188 197 225 242 243 246 258 268 
27 34 61 63 69 74 93 113 175 189 198 226 243 244 247 259 269 
28 35 62 64 70 75 94 114 176 190 199 227 244 245 248 260 270 
29 36 63 65 71 76 95 115 177 191 200 228 245 246 249 261 271 
30 37 64 66 72 77 96 116 178 192 201 229 246 247 250 262 272 
31 38 65 67 73 78 97 117 179 193 202 230 247 248 251 263 273 
1 32 39 66 68 74 79 98 118 180 194 203 231 248 249 252 264 
2 33 40 67 69 75 80 99 119 181 195 204 232 249 250 253 265 
3 34 41 68 70 76 81 100 120 182 196 205 233 250 251 254 266 
4 35 42 69 71 77 82 101 121 183 197 206 234 251 252 255 267 
5 36 43 70 72 78 83 102 122 184 198 207 235 252 253 256 268 
6 37 44 71 73 79 84 103 123 185 199 208 236 253 254 257 269 
7 38 45 72 74 80 85 104 124 186 200 209 237 254 255 258 270 
8 39 46 73 75 81 86 105 125 187 201 210 238 255 256 259 271 
9 40 47 74 76 82 87 106 126 188 202 211 239 256 257 260 272 
10 41 48 75 77 83 88 107 127 189 203 212 240 257 258 261 273 
1 11 42 49 76 78 84 89 108 128 190 204 213 241 258 259 262 
2 12 43 50 77 79 85 90 109 129 191 205 214 242 259 260 263 
3 13 44 51 78 80 86 91 110 130 192 206 215 243 260 261 264 
4 14 45 52 79 81 87 92 111 131 193 207 216 244 261 262 265 
5 15 46 53 80 82 88 93 112 132 194 208 217 245 262 263 266 
6 16 47 54 81 83 89 94 113 133 195 209 218 246 263 264 267 
7 17 48 55 82 84 90 95 114 134 196 210 219 247 264 265 268 
8 18 49 56 83 85 91 96 115 135 197 211 220 248 265 266 269 
9 19 50 57 84 86 92 97 116 136 198 212 221 249 266 267 270 
10 20 51 58 85 87 93 98 117 137 199 213 222 250 267 268 271 
11 21 52 59 86 88 94 99 118 138 200 214 223 251 268 269 272 
12 22 53 60 87 89 95 100 119 139 201 215 224 252 269 270 273 
1 13 23 54 61 88 90 96 101 120 140 202 216 225 253 270 271 
2 14 24 55 62 89 91 97 102 121 141 203 217 226 254 271 272 
3 15 25 56 63 90 92 98 103 122 142 204 218 227 255 272 273 
1 4 16 26 57 64 91 93 99 104 123 143 205 219 228 256 273 
1 2 5 17 27 58 65 92 94 100 105 124 144 206 220 229 257 
2 3 6 18 28 59 66 93 95 101 106 125 145 207 221 230 258 
3 4 7 19 29 60 67 94 96 102 107 126 146 208 222 231 259 
4 5 8 20 30 61 68 95 97 103 108 127 147 209 223 232 260 
5 6 9 21 31 62 69 96 98 104 109 128 148 210 224 233 261 
6 7 10 22 32 63 70 97 99 105 110 129 149 211 225 234 262 
7 8 11 23 33 64 71 98 100 106 111 130 150 212 226 235 263 
8 9 12 24 34 65 72 99 101 107 112 131 151 213 227 236 264 
9 10 13 25 35 66 73 100 102 108 113 132 152 214 228 237 265 
10 11 14 26 36 67 74 101 103 109 114 133 153 215 229 238 266 
11 12 15 27 37 68 75 102 104 110 115 134 154 216 230 239 267 
12 13 16 28 38 69 76 103 105 111 116 135 155 217 231 240 268 
13 14 17 29 39 70 77 104 106 112 117 136 156 218 232 241 269 
14 15 18 30 40 71 78 105 107 113 118 137 157 219 233 242 270 
15 16 19 31 41 72 79 106 108 114 119 138 158 220 234 243 271 
16 17 20 32 42 73 80 107 109 115 120 139 159 221 235 244 272 
17 18 21 33 43 74 81 108 110 116 121 140 160 222 236 245 273 
1 18 19 22 34 44 75 82 109 111 117 122 141 161 223 237 246 
2 19 20 23 35 45 76 83 110 112 118 123 142 162 224 238 247 
3 20 21 24 36 46 77 84 111 113 119 124 143 163 225 239 248 
4 21 22 25 37 47 78 85 112 114 120 125 144 164 226 240 249 
5 22 23 26 38 48 79 86 113 115 121 126 145 165 227 241 250 
6 23 24 27 39 49 80 87 114 116 122 127 146 166 228 242 251 
7 24 25 28 40 50 81 88 115 117 123 128 147 167 229 243 252 
8 25 26 29 41 51 82 89 116 118 124 129 148 168 230 244 253 
9 26 27 30 42 52 83 90 117 119 125 130 149 169 231 245 254 
10 27 28 31 43 53 84 91 118 120 126 131 150 170 232 246 255 
11 28 29 32 44 54 85 92 119 121 127 132 151 171 233 247 256 
12 29 30 33 45 55 86 93 120 122 128 133 152 172 234 248 257 
13 30 31 34 46 56 87 94 121 123 129 134 153 173 235 249 258 
14 31 32 35 47 57 88 95 122 124 130 135 154 174 236 250 259 
15 32 33 36 48 58 89 96 123 125 131 136 155 175 237 251 260 
16 33 34 37 49 59 90 97 124 126 132 137 156 176 238 252 261 
17 34 35 38 50 60 91 98 125 127 133 138 157 177 239 253 262 
18 35 36 39 51 61 92 99 126 128 134 139 158 178 240 254 263 
19 36 37 40 52 62 93 100 127 129 135 140 159 179 241 255 264 
