function H_sparse = N1008M504()
H = [1	253	501	673	818	911	946	977	0
2	254	502	674	819	912	947	978	0
3	255	503	675	820	910	948	976	0
4	256	504	676	821	913	940	979	0
5	257	498	677	822	914	949	980	0
6	258	505	678	756	915	950	981	0
7	259	506	679	823	912	951	981	0
8	260	507	680	824	916	952	982	0
9	261	508	649	811	917	951	983	0
10	262	509	681	825	909	953	979	0
11	263	502	682	809	918	954	984	0
12	264	510	683	824	876	955	985	0
13	265	511	684	826	916	955	980	0
14	266	512	685	827	911	956	986	0
15	267	513	686	828	919	945	984	0
16	268	514	687	829	920	955	987	0
17	269	512	688	820	921	957	988	0
18	270	513	689	830	918	958	976	0
19	271	514	686	831	910	953	989	0
20	272	515	679	832	922	959	988	0
21	273	516	690	833	914	960	983	0
4	274	517	691	834	923	961	990	0
22	275	518	692	835	915	955	983	0
23	276	516	693	818	915	943	991	0
24	277	519	694	836	916	960	987	0
25	278	520	695	837	920	950	980	0
26	279	521	696	838	924	962	992	0
27	280	522	697	839	923	949	993	0
28	281	523	698	840	914	952	986	0
26	282	524	684	841	925	958	994	0
29	280	525	699	836	907	957	981	0
30	283	526	700	842	909	945	982	0
31	284	527	701	843	903	949	995	0
32	285	528	702	835	926	963	979	0
33	286	529	703	844	921	964	996	0
34	287	530	704	845	923	964	988	0
35	288	531	705	846	910	961	997	0
36	289	532	706	822	927	964	990	0
19	290	533	707	847	916	965	990	0
37	291	534	702	848	910	959	982	0
38	292	534	708	849	924	943	983	0
39	293	535	709	850	928	964	998	0
40	294	506	643	851	916	966	997	0
41	288	536	710	852	914	963	984	0
42	295	537	711	827	913	942	990	0
37	296	538	712	853	929	964	999	0
43	297	539	713	847	907	967	998	0
44	298	540	714	840	920	968	998	0
45	299	541	715	854	923	969	999	0
46	300	542	716	826	930	952	976	0
47	301	543	717	818	922	963	995	0
48	302	544	691	823	931	966	1000	0
49	303	545	718	855	927	970	1000	0
50	304	546	719	839	932	967	984	0
51	305	547	720	840	923	967	977	0
52	306	509	721	856	933	947	976	0
53	307	504	722	816	915	968	977	0
54	308	548	723	832	921	947	980	0
55	309	549	724	857	913	960	997	0
56	310	518	725	831	934	960	1000	0
57	311	550	669	858	935	964	987	0
58	312	551	726	859	917	955	993	0
59	313	552	727	860	930	958	989	0
60	314	553	728	839	936	958	1001	0
61	315	554	729	850	937	962	1001	0
62	316	555	730	859	934	952	989	0
63	317	556	731	861	914	951	979	0
64	279	557	732	848	928	944	994	0
57	318	525	733	862	911	955	995	0
65	319	558	731	863	921	943	989	0
66	320	559	675	864	931	959	984	0
66	321	521	734	865	927	944	991	0
67	322	560	735	863	929	951	987	0
68	323	561	726	810	912	944	989	0
69	314	562	681	853	931	943	986	0
70	324	562	736	847	936	971	1000	0
65	325	554	737	865	911	967	1000	0
56	326	563	738	843	911	941	993	0
71	327	564	739	857	928	942	976	0
72	328	521	714	821	922	949	1002	0
73	329	565	740	854	913	959	1000	0
74	330	522	741	866	925	964	975	0
75	331	544	662	860	929	947	990	0
76	332	566	682	867	919	956	991	0
77	333	543	742	865	897	943	976	0
78	334	526	743	868	911	961	992	0
79	335	567	744	826	917	972	991	0
80	336	568	745	826	922	971	999	0
81	299	569	746	869	928	945	1003	0
82	337	570	744	863	913	962	1002	0
83	338	571	747	844	920	944	981	0
84	339	527	748	848	934	947	986	0
85	340	572	742	819	906	939	982	0
86	291	573	749	830	913	973	984	0
87	341	574	750	870	929	971	993	0
88	342	545	751	871	921	958	997	0
89	343	524	722	872	910	955	998	0
42	344	507	752	873	934	951	976	0
85	345	498	738	851	936	957	996	0
90	268	510	753	874	923	958	992	0
91	346	497	754	875	924	970	1004	0
92	347	542	755	876	910	970	990	0
24	348	575	756	822	932	963	1002	0
93	349	518	757	869	918	961	1002	0
94	284	576	758	877	924	948	993	0
95	350	577	759	824	929	954	979	0
39	348	578	734	878	917	948	984	0
96	351	504	760	812	925	947	999	0
97	352	549	678	879	927	951	985	0
44	353	579	729	873	919	963	996	0
36	354	580	761	837	934	962	993	0
98	320	550	762	872	916	968	993	0
94	355	581	690	823	909	965	976	0
77	356	582	763	857	934	953	1004	0
99	357	573	764	880	924	959	996	0
100	319	583	765	822	912	969	992	0
101	358	584	699	881	919	959	999	0
102	359	585	766	882	925	942	993	0
41	360	586	767	831	936	964	997	0
103	361	552	692	829	922	968	1003	0
104	274	572	768	875	926	956	992	0
84	308	587	769	883	932	965	995	0
105	362	588	750	884	937	954	977	0
106	363	589	755	823	937	960	999	0
64	357	590	770	844	912	974	1005	0
107	364	551	771	882	938	959	1006	0
108	272	591	764	865	916	954	986	0
109	365	592	772	846	912	953	990	0
110	253	593	745	885	938	957	989	0
111	366	558	715	818	916	945	994	0
112	276	594	773	871	926	946	1002	0
113	367	595	695	870	926	943	997	0
114	368	596	739	886	921	963	992	0
115	369	537	774	868	933	963	1007	0
116	318	597	731	887	917	965	980	0
117	370	512	747	877	925	960	1007	0
118	371	598	692	847	927	947	1005	0
119	372	519	775	886	938	964	991	0
1	373	599	658	840	931	955	982	0
120	374	600	776	854	929	948	977	0
121	375	601	777	832	925	953	978	0
122	277	602	769	815	926	953	1003	0
43	376	507	776	878	931	968	978	0
32	377	603	778	888	929	970	984	0
123	378	604	779	816	926	949	981	0
124	337	538	780	876	936	968	989	0
125	338	605	706	854	930	950	1002	0
126	379	524	781	889	938	954	1005	0
127	380	606	721	830	922	975	1004	0
128	381	523	679	831	933	967	975	0
129	324	607	708	887	918	944	1006	0
80	381	594	647	827	927	974	987	0
130	382	608	734	813	934	964	1008	0
131	383	609	728	855	913	952	980	0
132	384	610	708	833	888	946	990	0
123	385	530	782	885	939	953	1007	0
133	386	536	783	814	923	975	981	0
134	331	611	685	890	909	974	983	0
111	387	612	775	834	933	953	988	0
135	388	568	670	859	919	960	978	0
93	389	577	784	891	938	968	988	0
136	267	530	785	807	931	949	996	0
137	390	613	684	892	912	959	997	0
138	269	614	764	815	915	960	993	0
139	391	560	786	893	920	942	977	0
140	392	585	685	870	933	973	980	0
141	359	553	787	894	940	974	998	0
101	393	520	788	895	937	944	1002	1008
142	394	508	733	845	914	953	1006	0
143	260	599	773	887	940	947	1007	0
5	339	615	773	834	919	962	974	0
144	395	616	789	896	925	941	981	0
145	396	501	758	839	926	942	999	0
146	393	617	790	897	935	960	990	0
147	386	557	686	882	913	949	985	0
148	397	612	791	898	918	971	987	0
11	398	618	763	847	914	962	999	0
149	399	617	760	869	931	951	988	0
150	400	619	781	870	915	966	978	0
151	401	578	646	856	911	951	1004	0
152	402	575	768	859	913	953	996	0
63	403	620	723	899	918	972	1007	0
153	297	621	784	861	911	949	984	0
154	385	615	713	856	918	956	980	0
155	404	540	772	833	932	957	1003	0
49	405	515	780	900	914	972	996	0
156	406	616	707	862	919	944	979	0
157	407	565	788	880	933	941	1003	0
82	408	622	705	898	930	943	1003	0
158	312	593	677	829	898	966	995	0
154	258	603	792	901	917	961	986	0
75	409	583	788	891	903	951	996	0
159	261	623	717	872	907	948	1007	0
160	410	568	741	853	933	944	1004	0
161	411	510	761	881	917	967	1002	0
162	412	621	793	837	913	975	1003	0
163	340	550	794	891	932	955	991	0
164	413	505	795	839	899	971	988	0
16	414	610	796	902	938	965	977	0
47	415	511	797	837	924	969	977	0
165	416	578	798	842	925	966	990	0
99	417	624	799	882	926	967	988	0
105	344	607	800	845	930	949	999	0
50	418	593	797	886	929	973	986	0
166	382	531	782	903	921	974	984	0
115	419	625	736	904	929	966	983	0
167	420	626	768	844	914	946	988	1008
138	421	551	765	872	933	961	0	0
38	422	627	794	841	922	974	1000	0
168	285	523	801	905	940	948	987	0
45	369	628	751	857	920	954	1006	0
144	423	597	711	853	930	957	985	0
169	370	627	746	867	915	965	998	0
170	424	629	769	873	933	952	979	0
171	425	601	749	851	923	970	1002	0
118	329	529	774	836	941	970	995	0
172	426	538	802	877	939	971	1006	0
83	427	624	711	883	936	976	1004	0
173	428	630	710	841	908	972	987	0
68	397	631	672	866	927	950	983	0
160	429	547	779	895	913	950	993	0
174	430	587	683	809	940	970	989	0
17	431	589	798	889	929	944	992	0
175	432	587	760	901	914	950	1005	0
176	433	611	769	855	925	945	1006	0
177	434	632	749	858	931	945	980	0
177	362	535	670	876	926	965	996	0
46	378	586	712	838	932	974	1004	0
174	435	633	781	850	908	967	985	0
178	290	634	700	843	932	948	996	0
