function H_sparse = N2048M1030()
H = [1	2	1013	1380	1678	1846	1956	2024	0
2	3	1032	1381	1679	1847	1957	2025	0
3	4	1033	1382	1680	1848	1958	2026	0
4	5	1034	1383	1681	1824	1959	2022	0
5	6	1035	1384	1682	1849	1960	2027	0
6	7	1036	1385	1683	1850	1961	2028	0
7	8	1037	1386	1674	1851	1962	2029	0
8	9	1038	1387	1684	1839	1963	2030	0
9	10	1039	1388	1685	1852	1964	2031	0
10	11	1040	1389	1686	1853	1965	2032	0
11	12	1041	1390	1687	1841	1950	2033	0
12	13	1042	1391	1675	1854	1966	2034	0
13	14	1043	1383	1688	1855	1954	2008	0
14	15	1044	1392	1689	1856	1960	2035	0
15	16	1045	1393	1690	1857	1965	2027	0
16	17	1046	1394	1691	1858	1967	2036	0
17	18	1047	1395	1692	1846	1954	2033	0
18	19	1048	1396	1693	1859	1968	2035	0
19	20	1049	1397	1674	1860	1964	2037	0
20	21	1050	1398	1694	1861	1969	2038	0
21	22	1051	1399	1685	1862	1970	2039	0
22	23	1052	1400	1695	1863	1971	2040	0
23	24	1053	1401	1696	1850	1972	2039	0
24	25	1054	1402	1697	1854	1952	2041	0
25	26	1055	1403	1698	1864	1973	2042	0
26	27	1056	1392	1699	1835	1964	2028	0
27	28	1057	1404	1700	1865	1974	2043	0
28	29	1058	1405	1691	1866	1975	2016	0
29	30	1059	1406	1701	1867	1976	2044	0
30	31	1060	1407	1696	1868	1962	2045	0
31	32	1061	1408	1702	1799	1955	2046	0
32	33	1062	1409	1703	1869	1969	2047	0
33	34	1063	1410	1704	1870	1977	2048	0
34	35	1064	1411	1705	1871	1967	0	0
35	36	1065	1412	1694	1872	1961	2040	0
36	37	1066	1413	1706	1821	1978	0	0
37	38	1067	1414	1703	1866	1979	0	0
38	39	1068	1415	1634	1873	1980	2033	0
39	40	1069	1416	1707	1874	1961	0	0
40	41	1070	1417	1708	1875	1981	2031	0
41	42	1071	1418	1691	1876	1982	2035	0
42	43	1072	1419	1709	1863	1983	2045	0
43	44	1073	1420	1680	1877	1984	0	0
44	45	1074	1421	1710	1868	1964	0	0
45	46	1038	1422	1711	1856	1985	2031	0
46	47	1075	1423	1712	1847	1972	2047	0
47	48	1076	1424	1713	1863	1952	0	0
48	49	1077	1425	1714	1878	1978	0	0
49	50	1078	1426	1715	1837	1986	0	0
50	51	1079	1427	1716	1879	1955	0	0
51	52	1080	1390	1717	1880	1975	2028	0
52	53	1081	1428	1708	1881	1987	0	0
53	54	1082	1429	1718	1882	1988	0	0
54	55	1083	1430	1719	1883	1967	0	0
55	56	1063	1431	1680	1884	1950	2024	0
56	57	1084	1432	1720	1851	1986	2033	0
57	58	1085	1433	1721	1885	1957	0	0
58	59	1086	1434	1722	1875	1968	2033	0
59	60	1087	1435	1723	1886	1989	0	0
60	61	1088	1436	1664	1887	1961	0	0
61	62	1026	1437	1724	1888	1990	2048	0
62	63	1089	1438	1690	1836	1991	0	0
63	64	1090	1439	1707	1889	1952	0	0
64	65	1091	1440	1725	1890	1968	0	0
65	66	1092	1441	1668	1891	1980	0	0
66	67	1093	1412	1726	1875	1992	2032	0
67	68	1094	1442	1693	1892	1975	2036	0
68	69	1073	1443	1727	1893	1993	2032	0
69	70	1095	1444	1665	1837	1979	0	0
70	71	1096	1445	1728	1834	1976	0	0
71	72	1097	1446	1729	1894	1994	2038	0
72	73	1098	1447	1730	1882	1968	2018	0
73	74	1099	1448	1676	1870	1991	0	0
74	75	1100	1449	1731	1895	1971	0	0
75	76	1048	1450	1705	1886	1984	0	0
76	77	1101	1441	1719	1896	1979	0	0
77	78	1102	1375	1732	1854	1994	0	0
78	79	1103	1451	1701	1897	1968	2046	0
79	80	1104	1452	1654	1853	1961	0	0
80	81	1105	1453	1733	1898	1957	0	0
81	82	1106	1454	1711	1889	1995	2024	0
82	83	1107	1455	1734	1899	1955	0	0
83	84	1069	1456	1672	1849	1966	0	0
84	85	1108	1434	1706	1900	1954	0	0
85	86	1109	1444	1735	1840	1971	0	0
86	87	1110	1457	1736	1901	1955	0	0
87	88	1111	1458	1731	1865	1959	2029	0
88	89	1112	1459	1711	1902	1996	0	0
89	90	1113	1389	1718	1832	1990	0	0
90	91	1033	1460	1674	1903	1971	2043	0
91	92	1114	1461	1734	1873	1994	0	0
92	93	1115	1462	1737	1904	1978	2037	0
93	94	1101	1463	1738	1905	1976	2027	0
94	95	1116	1464	1739	1864	1983	0	0
95	96	1117	1465	1740	1906	1985	2019	0
96	97	1118	1413	1716	1907	1991	2044	0
97	98	1119	1430	1684	1842	1980	0	0
98	99	1077	1466	1679	1866	1981	2045	0
99	100	1120	1467	1741	1887	1991	2046	0
100	101	1121	1468	1742	1908	1958	0	0
101	102	1122	1469	1743	1863	1985	0	0
102	103	1055	1409	1744	1909	1991	2035	0
103	104	1123	1470	1745	1910	1966	0	0
104	105	1124	1471	1746	1911	1983	0	0
105	106	1125	1472	1721	1859	1997	0	0
106	107	1126	1473	1747	1912	1972	2022	0
107	108	1091	1405	1687	1913	1977	0	0
108	109	1127	1474	1748	1851	1995	0	0
109	110	1115	1475	1749	1914	1989	2029	0
110	111	1128	1476	1750	1907	1950	0	0
111	112	1129	1477	1682	1890	1963	0	0
112	113	1041	1478	1731	1915	1981	0	0
113	114	1130	1479	1751	1873	1977	0	0
114	115	1131	1438	1752	1916	1959	0	0
115	116	1107	1480	1722	1917	1962	2028	0
116	117	1132	1370	1753	1893	1998	2037	0
117	118	1133	1481	1699	1918	1967	2042	0
118	119	1134	1482	1676	1919	1966	0	0
119	120	1080	1483	1754	1920	1974	0	0
120	121	1135	1484	1755	1921	1960	0	0
121	122	1136	1376	1756	1854	1963	0	0
122	123	1137	1485	1757	1882	1986	0	0
123	124	1138	1444	1701	1922	1999	2033	0
124	125	1139	1472	1741	1923	2000	0	0
125	126	1140	1486	1730	1924	1983	2029	0
126	127	1019	1487	1688	1925	2001	0	0
127	128	1141	1378	1758	1926	1962	0	0
128	129	1142	1488	1727	1856	1950	0	0
129	130	1143	1489	1739	1895	1978	0	0
130	131	1114	1401	1759	1835	1998	0	0
131	132	1144	1490	1731	1927	1960	0	0
132	133	1145	1418	1756	1928	2002	2046	0
133	134	1146	1487	1760	1894	1955	0	0
134	135	1064	1491	1743	1922	2003	0	0
135	136	1147	1492	1761	1927	1956	0	0
136	137	1148	1493	1723	1869	1963	0	0
137	138	1138	1494	1762	1849	2004	0	0
138	139	1149	1495	1690	1851	1979	0	0
139	140	1150	1496	1732	1904	1975	0	0
140	141	1151	1484	1704	1929	2005	0	0
141	142	1043	1497	1752	1879	2006	2025	0
142	143	1152	1498	1644	1928	2003	0	0
143	144	1143	1421	1763	1930	1975	0	0
144	145	1153	1427	1764	1856	2007	0	0
145	146	1154	1499	1747	1830	2008	2037	0
146	147	1097	1500	1704	1885	2002	0	0
147	148	1155	1501	1761	1923	1979	2038	0
148	149	1156	1502	1765	1928	1978	0	0
149	150	1148	1482	1766	1901	1990	2039	0
150	151	1157	1503	1702	1900	1956	0	0
151	152	1056	1423	1767	1894	1951	0	0
152	153	1158	1464	1734	1919	1981	2046	0
153	154	1159	1504	1768	1852	1956	0	0
154	155	1104	1505	1674	1923	1972	0	0
155	156	1160	1493	1715	1842	1954	2031	2040
156	157	1161	1506	1769	1931	2009	0	0
157	158	1151	1507	1733	1877	1994	2043	0
158	159	1162	1407	1770	1932	1961	0	0
159	160	1163	1508	1771	1916	1975	0	0
160	161	1164	1509	1668	1933	1988	0	0
161	162	1033	1510	1772	1924	1985	0	0
162	163	1165	1511	1732	1909	1992	0	0
163	164	1166	1491	1739	1934	2009	2028	0
164	165	1167	1420	1773	1831	1967	2034	0
165	166	1134	1512	1756	1867	1993	2038	0
166	167	1168	1513	1774	1889	1998	0	0
167	168	1169	1400	1705	1925	1992	0	0
168	169	1170	1514	1750	1935	2010	2039	0
169	170	1066	1515	1758	1936	1988	2037	0
170	171	1171	1516	1715	1915	1965	0	0
171	172	1154	1381	1773	1923	1978	0	0
172	173	1172	1517	1775	1884	1963	2035	0
173	174	1126	1429	1776	1905	1992	0	0
174	175	1173	1518	1682	1872	1965	2037	0
175	176	1174	1519	1777	1937	2011	0	0
176	177	1175	1520	1752	1930	1986	0	0
177	178	1047	1521	1689	1887	1980	2026	0
178	179	1176	1522	1763	1844	1953	2023	0
179	180	1177	1494	1778	1866	1995	0	0
180	181	1131	1523	1779	1883	1966	2042	0
181	182	1178	1524	1713	1895	2012	2026	0
182	183	1179	1411	1780	1926	2011	2037	0
183	184	1180	1525	1678	1938	2012	2041	0
184	185	1074	1526	1774	1891	1923	2019	0
185	186	1181	1527	1742	1939	2006	2038	0
186	187	1182	1459	1781	1852	2012	0	0
187	188	1183	1528	1727	1905	1980	0	0
188	189	1103	1529	1782	1923	1970	0	0
189	190	1184	1476	1695	1936	2013	0	0
190	191	1185	1530	1703	1859	1949	0	0
191	192	1025	1526	1762	1904	1987	0	0
192	193	1186	1395	1698	1932	1981	2039	0
193	194	1187	1531	1773	1935	2006	0	0
194	195	1137	1532	1783	1924	2014	0	0
195	196	1188	1533	1761	1913	1980	0	0
196	197	1189	1506	1729	1893	1986	0	0
197	198	1068	1534	1784	1940	2001	0	0
198	199	1190	1529	1725	1876	1958	0	0
199	200	1191	1535	1692	1840	1986	0	0
200	201	1157	1536	1750	1853	1989	2026	0
201	202	1192	1537	1678	1877	2001	2042	0
202	203	1119	1538	1673	1936	2004	0	0
203	204	1193	1406	1785	1895	1973	2035	0
204	205	1194	1539	1762	1941	2006	0	0
205	206	1051	1540	1679	1888	2002	2021	0
206	207	1195	1422	1708	1853	1969	0	0
207	208	1196	1541	1774	1928	1997	0	0
