function H_sparse = N1998M222()
H = [1993 1975 1910 1863 1753 1683 1648 1572 1569 1520 1511 1427 1318 1317 1143 1047 1005 973 964 958 919 827 811 788 780 727 661 497 458 443 387 258 194 185 125 19 
1937 1929 1909 1799 1752 1631 1544 1509 1412 1390 1316 1268 1248 1220 1196 1023 925 918 843 737 689 673 657 603 542 536 467 381 326 271 268 217 170 127 24 3 
1899 1868 1867 1820 1698 1674 1652 1630 1531 1494 1298 1246 1191 1159 1103 1011 996 946 884 882 828 745 697 674 635 631 488 362 326 322 270 155 126 89 26 17 
1963 1916 1869 1859 1682 1667 1620 1516 1359 1342 1313 1218 1185 1127 1121 1111 1088 1079 1007 959 780 775 768 731 721 693 597 583 471 306 167 155 98 81 65 9 
1932 1925 1889 1833 1767 1713 1665 1578 1412 1235 1164 1150 1148 1118 1107 1099 1052 1012 948 943 923 908 829 675 525 520 494 462 449 331 324 305 277 260 124 42 
1977 1969 1917 1874 1620 1588 1536 1525 1363 1296 1166 1089 1086 1061 1048 1030 877 843 760 658 601 531 510 491 490 466 363 325 290 287 270 199 196 75 62 41 
1946 1907 1861 1843 1629 1589 1520 1506 1490 1482 1463 1388 1377 1364 1299 1296 1241 1237 1153 921 892 820 756 665 609 506 505 468 463 333 295 281 260 247 167 66 
1924 1851 1847 1803 1759 1704 1683 1599 1497 1380 1258 1218 1200 1183 1162 1152 1065 1009 920 841 772 742 694 669 646 635 535 477 407 353 294 245 222 160 88 43 
1986 1934 1825 1788 1761 1714 1686 1669 1634 1530 1453 1352 1314 1299 1201 1174 1157 1123 995 844 775 767 689 661 627 626 566 516 459 419 383 355 255 204 118 17 
1970 1962 1870 1819 1754 1728 1693 1609 1597 1589 1581 1445 1407 1400 1256 1251 1188 1158 1023 1012 851 808 787 745 704 698 512 492 422 378 332 279 216 196 172 83 
1946 1868 1812 1787 1762 1656 1613 1535 1399 1353 1333 1323 1295 1260 1210 1149 1143 1107 1075 1051 905 887 872 861 833 645 639 588 499 415 367 294 164 163 83 23 
1956 1930 1898 1780 1711 1605 1587 1539 1493 1492 1361 1276 1177 1053 902 886 879 795 758 749 712 666 647 631 560 540 523 514 357 244 156 143 129 93 46 11 
1868 1838 1819 1818 1771 1756 1699 1681 1628 1608 1603 1591 1506 1375 1310 1234 1204 1136 1091 902 842 815 790 725 716 651 591 583 458 399 346 250 127 92 67 56 
1952 1871 1827 1802 1675 1668 1666 1654 1567 1510 1416 1381 1309 1291 1147 1136 1044 889 848 723 685 660 612 602 560 492 472 462 306 243 193 185 135 133 49 20 
1933 1910 1787 1780 1751 1680 1654 1647 1531 1514 1509 1433 1315 1294 1289 1205 1175 1021 995 878 875 869 857 819 683 617 521 500 466 438 283 216 212 210 137 116 
1948 1861 1805 1783 1767 1745 1624 1614 1539 1527 1409 1401 1396 1360 1254 1231 1142 1131 1093 1057 858 810 780 757 751 742 680 585 542 364 232 223 178 158 139 21 
1891 1816 1809 1794 1738 1435 1386 1378 1369 1363 1262 1253 1246 1163 1141 1069 1019 995 879 789 785 678 668 615 603 519 398 377 372 341 262 134 108 101 100 77 
1956 1905 1881 1858 1774 1755 1745 1700 1606 1598 1483 1320 1163 1123 1058 1055 991 988 866 831 797 783 781 771 634 517 467 403 390 331 299 261 165 69 53 44 
1925 1907 1823 1786 1759 1732 1731 1673 1656 1644 1614 1572 1367 1279 1165 1090 1074 1046 1036 891 854 824 749 717 698 693 553 549 536 526 438 435 397 337 138 92 
1953 1933 1915 1779 1698 1662 1568 1556 1526 1519 1473 1463 1434 1403 1230 1040 985 981 964 931 911 903 897 814 809 755 588 586 544 510 479 323 114 104 85 9 
1974 1949 1926 1860 1585 1472 1449 1391 1383 1378 1188 1118 1108 1030 975 936 918 865 826 822 801 738 713 554 540 499 493 474 460 406 382 355 329 221 213 178 
1878 1853 1848 1833 1715 1683 1645 1635 1612 1531 1515 1505 1480 1439 1387 1338 1308 1267 1259 1251 1250 1166 1132 1036 625 557 555 530 452 392 389 237 226 122 76 66 
1895 1864 1791 1788 1732 1705 1660 1564 1557 1445 1431 1374 1362 1191 1179 1112 1064 1003 997 930 922 908 859 833 776 727 596 405 334 327 287 256 253 219 101 24 
1936 1842 1814 1787 1732 1583 1567 1447 1414 1318 1245 1125 1092 1089 1025 962 916 906 798 769 758 657 610 568 548 488 448 358 354 350 348 304 207 145 130 31 
1989 1965 1821 1788 1752 1747 1685 1629 1611 1560 1427 1391 1311 1213 1150 1125 1119 1116 1087 1076 1069 970 965 894 599 524 416 396 367 270 267 227 139 103 18 11 
1849 1832 1827 1813 1744 1738 1670 1658 1631 1617 1587 1581 1523 1495 1372 1326 1185 1162 1156 929 916 854 779 746 738 571 517 515 494 250 233 116 111 91 45 18 
1997 1984 1885 1840 1764 1702 1633 1577 1483 1464 1404 1254 1135 1106 990 977 964 873 867 854 806 802 623 576 534 484 453 448 353 342 325 195 192 129 66 40 
1975 1944 1923 1806 1665 1614 1603 1583 1581 1466 1458 1408 1395 1307 1294 1101 1076 1026 1004 864 804 778 642 639 480 478 463 439 376 301 131 109 72 32 15 4 
1913 1885 1878 1866 1776 1773 1639 1602 1553 1534 1326 1230 1098 1003 978 923 913 898 879 780 752 739 703 681 662 532 434 394 382 345 311 270 259 204 160 159 
1915 1815 1792 1784 1770 1728 1659 1647 1516 1476 1386 1329 1278 1274 1077 1003 945 938 925 915 912 904 790 637 540 504 367 322 269 241 228 224 179 165 107 71 
1897 1862 1828 1807 1749 1727 1560 1535 1419 1386 1286 1245 1234 1180 1097 1055 1021 1011 804 766 760 738 576 508 507 482 428 420 387 338 180 138 112 93 58 28 
1913 1891 1860 1824 1768 1743 1710 1665 1588 1554 1545 1460 1409 1385 1371 1303 1237 1189 1155 1132 1064 814 808 775 651 606 562 552 521 514 286 245 205 105 49 8 
1985 1959 1911 1871 1721 1703 1692 1493 1422 1418 1269 1232 1226 1118 1090 1089 1050 1013 944 857 841 839 787 782 766 702 696 695 592 591 506 414 202 146 80 25 
1876 1844 1816 1804 1650 1618 1577 1521 1516 1441 1372 1325 1324 1087 1055 987 922 825 782 751 730 671 488 465 463 386 357 343 302 298 248 171 125 122 92 2 
1992 1953 1908 1884 1720 1689 1622 1608 1466 1448 1303 1263 1229 1224 1193 1173 1160 1020 982 923 885 880 869 841 763 712 652 589 549 517 460 356 229 152 107 24 
1939 1931 1922 1845 1620 1510 1482 1481 1345 1303 1287 1206 1202 1199 1102 1085 1066 1001 1000 907 887 827 718 648 542 486 451 407 390 388 319 238 182 157 113 108 
1944 1895 1878 1847 1737 1678 1670 1663 1649 1615 1539 1518 1403 1355 1269 1257 1241 1198 1136 1102 1006 979 872 856 802 764 675 611 435 411 335 296 172 166 161 77 
1986 1901 1841 1796 1775 1667 1666 1644 1628 1551 1535 1475 1458 1394 1363 1280 1248 1240 1058 1028 999 956 892 847 821 672 595 470 300 223 154 145 114 111 68 16 
1987 1906 1875 1817 1774 1724 1632 1623 1587 1533 1392 1322 1283 1219 1172 1061 1033 1015 885 836 820 814 793 759 733 690 608 605 587 437 269 144 110 65 57 33 
1960 1959 1929 1864 1670 1521 1505 1501 1339 1335 1334 1302 1264 1252 1125 1061 1009 1002 866 829 811 770 667 613 521 446 377 376 337 272 259 215 183 90 79 36 
1980 1901 1890 1839 1769 1716 1671 1571 1561 1499 1440 1350 1323 1298 1264 1182 1117 1067 988 967 951 908 827 798 664 644 630 353 344 320 181 141 133 110 107 61 
1986 1953 1927 1923 1763 1752 1712 1602 1563 1532 1452 1438 1404 1290 1271 1217 1161 1110 1092 1042 1000 971 839 753 705 608 328 282 277 257 242 201 188 95 20 7 
1969 1912 1861 1789 1776 1712 1680 1605 1600 1575 1511 1484 1395 1249 1229 1009 996 966 915 914 867 805 719 710 588 566 555 529 522 494 489 425 390 334 136 57 
1960 1894 1858 1811 1758 1727 1613 1552 1482 1408 1381 1315 1224 1189 1179 1083 1032 934 925 873 758 706 692 628 607 582 566 565 519 513 432 393 222 176 171 150 
1967 1865 1795 1778 1647 1612 1533 1448 1345 1328 1281 1241 1203 1197 1123 1108 987 894 795 792 791 719 654 567 561 519 443 423 363 342 239 232 208 177 48 42 
1934 1894 1848 1828 1684 1667 1577 1574 1571 1555 1461 1345 1321 953 921 906 881 859 808 801 790 733 707 691 682 613 558 501 395 317 290 210 203 159 102 32 
1987 1890 1851 1841 1702 1700 1616 1463 1438 1425 1396 1249 1239 1150 889 882 851 835 790 688 678 593 551 486 474 432 386 303 273 240 212 199 106 98 74 28 
1994 1941 1827 1785 1754 1708 1653 1623 1590 1522 1508 1474 1417 1415 1339 1234 1197 1191 1173 1089 879 838 797 784 687 653 581 566 455 408 353 308 301 190 103 95 
1948 1874 1831 1801 1741 1719 1716 1649 1502 1498 1407 1362 1248 1175 1173 1031 961 907 903 889 886 884 754 731 702 645 515 489 464 392 348 324 286 251 227 40 
